4294967278,37
4294967278,36
4294967278,35
4294967278,34
4294967278,33
4294967278,32
4294967278,31
4294967278,30
4294967278,29
4294967278,28
4294967278,27
4294967278,26
4294967278,25
4294967278,23
4294967278,22
4294967278,21
4294967278,20
4294967278,19
4294967278,18
4294967278,17
4294967278,16
4294967278,15
4294967278,10
4294967278,9
4294967278,8
4294967278,259
4294967278,6
4294967278,5
4294967278,4
4294967279,132
4294967279,131
4294967279,130
4294967279,129
4294967279,128
4294967279,127
4294967279,126
4294967279,125
4294967279,124
4294967279,123
4294967279,122
4294967279,250
4294967279,121
4294967279,120
4294967279,119
4294967279,118
4294967279,117
4294967279,116
4294967279,25
4294967279,24
4294967279,21
4294967279,19
4294967279,17
4294967279,15
4294967279,13
4294967279,527
4294967278,141
4294967278,140
4294967278,139
4294967278,138
4294967279,277
4294967278,276
4294967279,137
4294967278,24
4294967278,275
4294967278,135
4294967294,14
4294967294,126
4294967278,272
4294967278,271
4294967278,270
4294967279,287
4294967294,81
4294967279,269
4294967278,268
4294967294,221
4294967278,266
4294967278,14
4294967278,277
4294967278,267
4294967278,322
4294967278,13
4294967279,526
4294967279,14
4294967278,321
4294967278,12
4294967278,11
4294967294,392
4294967278,279
4294967279,525
4294967278,264
4294967294,388
4294967279,263
4294967279,264
4294967279,524
4294967279,523
4294967278,262
4294967279,522
4294967278,7
4294967279,261
4294967278,320
4294967279,283
4294967294,441
4294967279,521
4294967279,280
4294967279,281
4294967279,279
4294967278,319
16,5
4294967279,520
4294967294,89
4294967294,422
4294967294,173
4294967294,219
4294967278,318
4294967279,519
16,4
4294967278,317
16,3
16,2
16,1
4294967278,255
4294967279,518
4294967278,316
4294967294,389
4294967294,390
4294967294,114
4294967294,115
4294967279,517
4294967278,315
15,5
4294967279,516
15,4
4294967278,254
15,3
15,2
15,1
4294967278,314
4294967278,313
4294967294,393
4294967294,437
4294967278,253
4294967278,252
14,6
4294967294,397
4294967294,202
4294967294,414
4294967294,215
4294967294,179
4294967294,407
4294967294,386
4294967294,421
4294967294,178
4294967294,416
4294967294,403
4294967294,420
4294967294,398
4294967294,468
4294967294,385
4294967294,401
4294967294,456
4294967294,410
4294967278,250
14,5
4294967278,249
14,4
14,3
14,2
14,1
4294967278,248
4294967294,38
4294967294,37
4294967294,36
4294967294,264
4294967294,76
4294967294,107
4294967294,46
4294967278,246
4294967294,6
4294967294,94
4294967294,96
13,4
4294967278,244
13,3
13,2
13,1
4294967278,243
4294967294,9
4294967294,8
0,7
4294967294,1
4294967294,45
4294967294,429
4294967294,44
4294967294,2
4294967294,0
4294967294,120
4294967294,43
4294967294,53
4294967294,52
4294967294,418
4294967294,51
4294967294,251
4294967294,29
4294967294,419
4294967294,28
4294967294,27
4294967294,92
4294967294,91
4294967294,90
4294967294,88
4294967294,87
4294967294,86
4294967294,85
4294967294,84
4294967278,242
4294967294,42
4294967294,40
4294967294,93
4294967294,95
4294967294,12
4294967294,18
4294967294,222
4294967294,82
4294967294,83
4294967278,132
4294967278,131
4294967278,130
4294967278,129
4294967278,128
4294967278,127
4294967278,126
4294967278,125
4294967278,124
4294967278,123
4294967278,122
4294967278,121
4294967278,120
4294967278,119
4294967278,118
4294967278,117
4294967278,116
4294967278,115
4294967278,114
4294967278,113
4294967278,112
4294967278,111
4294967278,110
4294967278,109
4294967278,225
4294967278,108
4294967278,223
4294967278,107
4294967278,221
4294967278,106
4294967278,105
4294967278,217
4294967278,104
4294967278,103
4294967278,102
4294967278,101
4294967278,100
4294967278,99
4294967278,98
4294967278,97
4294967278,96
4294967278,95
4294967278,94
4294967278,93
4294967278,92
4294967278,91
4294967278,90
4294967278,89
4294967278,87
4294967278,86
4294967278,85
4294967278,84
4294967278,0
4294967278,83
4294967278,82
4294967278,81
4294967278,80
4294967278,79
4294967278,78
4294967278,77
4294967278,76
4294967278,75
4294967278,74
4294967278,73
4294967278,72
4294967278,71
4294967278,260
4294967278,70
4294967278,69
